csv=C:\Users\dell\Desktop\RSI\build\Preparation\calibration\aut_cal\R3\sync_robot_aruco.csv
marker_id=0
method=Park
pairs_used=183
rows_used(0-based)=[0, 1, 2, 3, 4, 5, 6, 7, 8, 9, 10, 11, 12, 13, 14, 15, 16, 17, 18, 19, 20, 21, 22, 23, 24, 25, 26, 27, 28, 29, 30, 31, 32, 33, 34, 35, 36, 37, 38, 39, 40, 41, 42, 43, 44, 45, 46, 47, 48, 49, 50, 51, 52, 53, 54, 55, 56, 57, 58, 59, 60, 61, 62, 63, 64, 65, 66, 67, 68, 69, 70, 71, 72, 73, 74, 75, 76, 77, 78, 79, 80, 81, 82, 83, 84, 85, 86, 87, 88, 89, 90, 91, 92, 93, 94, 95, 96, 97, 98, 99, 100, 101, 102, 103, 104, 105, 106, 107, 108, 109, 110, 111, 112, 113, 114, 115, 116, 117, 118, 119, 120, 121, 122, 123, 124, 125, 126, 127, 128, 129, 130, 131, 132, 133, 134, 135, 136, 137, 138, 139, 140, 141, 142, 143, 144, 145, 146, 147, 148, 149, 150, 151, 152, 153, 154, 155, 156, 157, 158, 159, 160, 161, 162, 163, 164, 165, 166, 167, 168, 169, 170, 171, 172, 173, 174, 175, 176, 177, 178, 179, 180, 181, 182]

R_cam2gripper:
[[ 0.07206879 -0.41550294  0.90673226]
 [-0.91353508  0.3373839   0.22721302]
 [-0.40032454 -0.8447067  -0.35526167]]

t_cam2gripper_m:
[-1.69949628 -0.36994744  0.24179364]

T_cam2gripper:
[[ 0.07206879 -0.41550294  0.90673226 -1.69949628]
 [-0.91353508  0.3373839   0.22721302 -0.36994744]
 [-0.40032454 -0.8447067  -0.35526167  0.24179364]
 [ 0.          0.          0.          1.        ]]

BackSubstitution:
t_err_mm_mean=560.3051185293725
t_err_mm_max=868.0328279925411
ang_err_deg_mean=46.64076857986885
ang_err_deg_max=80.51695877084846
pass_check=False
threshold_trans_mm=20.0
threshold_ang_deg=3.0
