csv=C:\Users\dell\Desktop\RSI\build\Preparation\calibration\aut_cal\sync_robot_aruco.csv
marker_id=4
method=Daniilidis
pairs_used=38
rows_used(0-based)=[0, 1, 2, 3, 4, 5, 6, 7, 8, 9, 10, 11, 12, 13, 14, 15, 16, 17, 18, 19, 20, 21, 22, 23, 24, 25, 26, 27, 28, 29, 30, 31, 32, 33, 34, 35, 36, 37]

R_cam2gripper:
[[-0.96321743  0.11266388  0.24396523]
 [ 0.16382114  0.96584484  0.20076447]
 [-0.21301366  0.2333465  -0.94877531]]

t_cam2gripper_m:
[-0.41979292 -0.02570613  3.59586361]

T_cam2gripper:
[[-0.96321743  0.11266388  0.24396523 -0.41979292]
 [ 0.16382114  0.96584484  0.20076447 -0.02570613]
 [-0.21301366  0.2333465  -0.94877531  3.59586361]
 [ 0.          0.          0.          1.        ]]

BackSubstitution:
t_err_mm_mean=473.6709361303518
t_err_mm_max=924.616878795033
ang_err_deg_mean=45.54751607622155
ang_err_deg_max=95.58386879463725
