csv=C:\Users\dell\Desktop\RSI\build\Preparation\calibration\aut_cal\sync_robot_aruco.csv
marker_id=4
method=Horaud
pairs_used=38
rows_used(0-based)=[0, 1, 2, 3, 4, 5, 6, 7, 8, 9, 10, 11, 12, 13, 14, 15, 16, 17, 18, 19, 20, 21, 22, 23, 24, 25, 26, 27, 28, 29, 30, 31, 32, 33, 34, 35, 36, 37]

R_cam2gripper:
[[ 0.85132572  0.31763491  0.41755548]
 [-0.46221356  0.83062405  0.31051943]
 [-0.24819981 -0.45735298  0.85394678]]

t_cam2gripper_m:
[-7.82460679 -1.04820791 -0.10147975]

T_cam2gripper:
[[ 0.85132572  0.31763491  0.41755548 -7.82460679]
 [-0.46221356  0.83062405  0.31051943 -1.04820791]
 [-0.24819981 -0.45735298  0.85394678 -0.10147975]
 [ 0.          0.          0.          1.        ]]

BackSubstitution:
t_err_mm_mean=579.1190281970369
t_err_mm_max=834.9376251379005
ang_err_deg_mean=44.857646516822776
ang_err_deg_max=85.33041986472476
