csv=C:\Users\dell\Desktop\RSI\build\Preparation\calibration\aut_cal\sync_robot_aruco.csv
marker_id=4
method=Andreff
pairs_used=38
rows_used(0-based)=[0, 1, 2, 3, 4, 5, 6, 7, 8, 9, 10, 11, 12, 13, 14, 15, 16, 17, 18, 19, 20, 21, 22, 23, 24, 25, 26, 27, 28, 29, 30, 31, 32, 33, 34, 35, 36, 37]

R_cam2gripper:
[[-0.46526882 -0.88322451  0.05864622]
 [-0.82727039  0.45744852  0.32613579]
 [-0.31487876  0.10322453 -0.94350202]]

t_cam2gripper_m:
[-0.26968214 -0.80843556  0.51883709]

T_cam2gripper:
[[-0.46526882 -0.88322451  0.05864622 -0.26968214]
 [-0.82727039  0.45744852  0.32613579 -0.80843556]
 [-0.31487876  0.10322453 -0.94350202  0.51883709]
 [ 0.          0.          0.          1.        ]]

BackSubstitution:
t_err_mm_mean=514.2449618404647
t_err_mm_max=704.0327499503369
ang_err_deg_mean=45.527027586718866
ang_err_deg_max=86.53987591048426
