csv=C:\Users\dell\Desktop\RSI\build\Preparation\calibration\aut_cal\sync_robot_aruco.csv
marker_id=4
method=Park
pairs_used=38
rows_used(0-based)=[0, 1, 2, 3, 4, 5, 6, 7, 8, 9, 10, 11, 12, 13, 14, 15, 16, 17, 18, 19, 20, 21, 22, 23, 24, 25, 26, 27, 28, 29, 30, 31, 32, 33, 34, 35, 36, 37]

R_cam2gripper:
[[ 0.85873443  0.31094688  0.40729255]
 [-0.45219389  0.83372403  0.31689894]
 [-0.24103085 -0.45630723  0.8565558 ]]

t_cam2gripper_m:
[-7.8291731  -1.07092574 -0.11706578]

T_cam2gripper:
[[ 0.85873443  0.31094688  0.40729255 -7.8291731 ]
 [-0.45219389  0.83372403  0.31689894 -1.07092574]
 [-0.24103085 -0.45630723  0.8565558  -0.11706578]
 [ 0.          0.          0.          1.        ]]

BackSubstitution:
t_err_mm_mean=578.6745564575442
t_err_mm_max=835.788601877146
ang_err_deg_mean=44.86869600114144
ang_err_deg_max=85.32724933106573
